0, 8.1757989;
1, 8.6619572;
2, 9.1770240;
3, 9.7227182;
4, 10.3008612;
5, 10.9133822;
6, 11.5623257;
7, 12.2498574;
8, 12.9782718;
9, 13.7500000;
10, 14.5676175;
11, 15.4338532;
12, 16.3515978;
13, 17.3239144;
14, 18.3540480;
15, 19.4454365;
16, 20.6017223;
17, 21.8267645;
18, 23.1246514;
19, 24.4997147;
20, 25.9565436;
21, 27.5000000;
22, 29.1352351;
23, 30.8677063;
24, 32.7031957;
25, 34.6478289;
26, 36.7080960;
27, 38.8908730;
28, 41.2034446;
29, 43.6535289;
30, 46.2493028;
31, 48.9994295;
32, 51.9130872;
33, 55.0000000;
34, 58.2704702;
35, 61.7354127;
36, 65.4063913;
37, 69.2956577;
38, 73.4161920;
39, 77.7817459;
40, 82.4068892;
41, 87.3070579;
42, 92.4986057;
43, 97.9988590;
44, 103.8261744;
45, 110.0000000;
46, 116.5409404;
47, 123.4708253;
48, 130.8127827;
49, 138.5913155;
50, 146.8323840;
51, 155.5634919;
52, 164.8137785;
53, 174.6141157;
54, 184.9972114;
55, 195.9977180;
56, 207.6523488;
57, 220.0000000;
58, 233.0818808;
59, 246.9416506;
60, 261.6255653;
61, 277.1826310;
62, 293.6647679;
63, 311.1269837;
64, 329.6275569;
65, 349.2282314;
66, 369.9944227;
67, 391.9954360;
68, 415.3046976;
69, 440.0000000;
70, 466.1637615;
71, 493.8833013;
72, 523.2511306;
73, 554.3652620;
74, 587.3295358;
75, 622.2539674;
76, 659.2551138;
77, 698.4564629;
78, 739.9888454;
79, 783.9908720;
80, 830.6093952;
81, 880.0000000;
82, 932.3275230;
83, 987.7666025;
84, 1046.5022612;
85, 1108.7305239;
86, 1174.6590717;
87, 1244.5079349;
88, 1318.5102277;
89, 1396.9129257;
90, 1479.9776908;
91, 1567.9817439;
92, 1661.2187903;
93, 1760.0000000;
94, 1864.6550461;
95, 1975.5332050;
96, 2093.0045224;
97, 2217.4610478;
98, 2349.3181433;
99, 2489.0158698;
100, 2637.0204553;
101, 2793.8258515;
102, 2959.9553817;
103, 3135.9634879;
104, 3322.4375806;
105, 3520.0000000;
106, 3729.3100921;
107, 3951.0664100;
108, 4186.0090448;
109, 4434.9220956;
110, 4698.6362867;
111, 4978.0317396;
112, 5274.0409106;
113, 5587.6517029;
114, 5919.9107634;
115, 6271.9269757;
116, 6644.8751613;
117, 7040.0000000;
118, 7458.6201843;
119, 7902.1328201;
120, 8372.0180896;
121, 8869.8441913;
122, 9397.2725734;
123, 9956.0634791;
124, 10548.0818212;
125, 11175.3034059;
126, 11839.8215268;
127, 12543.8539514;
