# Tuning file for Max/MSP coll objects. - Created using Scale Workshop 1.0.2
# 19 equal divisions of 2/1
#
0, 35.5008279;
1, 36.8198628;
2, 38.1879064;
3, 39.6067798;
4, 41.0783714;
5, 42.6046402;
6, 44.1876175;
7, 45.8294104;
8, 47.5322041;
9, 49.2982653;
10, 51.1299445;
11, 53.0296799;
12, 55.0000000;
13, 57.0435274;
14, 59.1629822;
15, 61.3611855;
16, 63.6410631;
17, 66.0056496;
18, 68.4580924;
19, 71.0016559;
20, 73.6397256;
21, 76.3758128;
22, 79.2135596;
23, 82.1567429;
24, 85.2092803;
25, 88.3752349;
26, 91.6588207;
27, 95.0644083;
28, 98.5965306;
29, 102.2598891;
30, 106.0593598;
31, 110.0000000;
32, 114.0870549;
33, 118.3259645;
34, 122.7223710;
35, 127.2821261;
36, 132.0112992;
37, 136.9161848;
38, 142.0033118;
39, 147.2794511;
40, 152.7516257;
41, 158.4271191;
42, 164.3134858;
43, 170.4185606;
44, 176.7504698;
45, 183.3176414;
46, 190.1288165;
47, 197.1930612;
48, 204.5197781;
49, 212.1187195;
50, 220.0000000;
51, 228.1741098;
52, 236.6519290;
53, 245.4447419;
54, 254.5642522;
55, 264.0225983;
56, 273.8323697;
57, 284.0066235;
58, 294.5589023;
59, 305.5032514;
60, 316.8542383;
61, 328.6269716;
62, 340.8371213;
63, 353.5009397;
64, 366.6352828;
65, 380.2576330;
66, 394.3861223;
67, 409.0395562;
68, 424.2374391;
69, 440.0000000;
70, 456.3482196;
71, 473.3038579;
72, 490.8894838;
73, 509.1285044;
74, 528.0451966;
75, 547.6647394;
76, 568.0132471;
77, 589.1178045;
78, 611.0065028;
79, 633.7084765;
80, 657.2539431;
81, 681.6742426;
82, 707.0018794;
83, 733.2705656;
84, 760.5152661;
85, 788.7722446;
86, 818.0791124;
87, 848.4748782;
88, 880.0000000;
89, 912.6964391;
90, 946.6077159;
91, 981.7789676;
92, 1018.2570088;
93, 1056.0903932;
94, 1095.3294787;
95, 1136.0264942;
96, 1178.2356091;
97, 1222.0130055;
98, 1267.4169530;
99, 1314.5078863;
100, 1363.3484852;
101, 1414.0037588;
102, 1466.5411313;
103, 1521.0305322;
104, 1577.5444892;
105, 1636.1582248;
106, 1696.9497564;
107, 1760.0000000;
108, 1825.3928782;
109, 1893.2154317;
110, 1963.5579353;
111, 2036.5140176;
112, 2112.1807865;
113, 2190.6589575;
114, 2272.0529884;
115, 2356.4712182;
116, 2444.0260110;
117, 2534.8339061;
118, 2629.0157725;
119, 2726.6969704;
120, 2828.0075175;
121, 2933.0822625;
122, 3042.0610644;
123, 3155.0889784;
124, 3272.3164496;
125, 3393.8995128;
126, 3520.0000000;
127, 3650.7857565;
