# Tuning file for Max/MSP coll objects. - Created using Scale Workshop 1.0.2
# 24 equal divisions of 2/1
#
0, 59.9779253;
1, 61.7354127;
2, 63.5443983;
3, 65.4063913;
4, 67.3229449;
5, 69.2956577;
6, 71.3261755;
7, 73.4161920;
8, 75.5674506;
9, 77.7817459;
10, 80.0609251;
11, 82.4068892;
12, 84.8215954;
13, 87.3070579;
14, 89.8653499;
15, 92.4986057;
16, 95.2090217;
17, 97.9988590;
18, 100.8704448;
19, 103.8261744;
20, 106.8685135;
21, 110.0000000;
22, 113.2232460;
23, 116.5409404;
24, 119.9558506;
25, 123.4708253;
26, 127.0887967;
27, 130.8127827;
28, 134.6458898;
29, 138.5913155;
30, 142.6523510;
31, 146.8323840;
32, 151.1349012;
33, 155.5634919;
34, 160.1218501;
35, 164.8137785;
36, 169.6431908;
37, 174.6141157;
38, 179.7306999;
39, 184.9972114;
40, 190.4180434;
41, 195.9977180;
42, 201.7408895;
43, 207.6523488;
44, 213.7370271;
45, 220.0000000;
46, 226.4464921;
47, 233.0818808;
48, 239.9117012;
49, 246.9416506;
50, 254.1775933;
51, 261.6255653;
52, 269.2917795;
53, 277.1826310;
54, 285.3047020;
55, 293.6647679;
56, 302.2698024;
57, 311.1269837;
58, 320.2437002;
59, 329.6275569;
60, 339.2863816;
61, 349.2282314;
62, 359.4613997;
63, 369.9944227;
64, 380.8360868;
65, 391.9954360;
66, 403.4817790;
67, 415.3046976;
68, 427.4740541;
69, 440.0000000;
70, 452.8929841;
71, 466.1637615;
72, 479.8234024;
73, 493.8833013;
74, 508.3551866;
75, 523.2511306;
76, 538.5835591;
77, 554.3652620;
78, 570.6094040;
79, 587.3295358;
80, 604.5396049;
81, 622.2539674;
82, 640.4874005;
83, 659.2551138;
84, 678.5727632;
85, 698.4564629;
86, 718.9227994;
87, 739.9888454;
88, 761.6721737;
89, 783.9908720;
90, 806.9635580;
91, 830.6093952;
92, 854.9481082;
93, 880.0000000;
94, 905.7859682;
95, 932.3275230;
96, 959.6468047;
97, 987.7666025;
98, 1016.7103732;
99, 1046.5022612;
100, 1077.1671181;
101, 1108.7305239;
102, 1141.2188081;
103, 1174.6590717;
104, 1209.0792098;
105, 1244.5079349;
106, 1280.9748009;
107, 1318.5102277;
108, 1357.1455264;
109, 1396.9129257;
110, 1437.8455989;
111, 1479.9776908;
112, 1523.3443474;
113, 1567.9817439;
114, 1613.9271160;
115, 1661.2187903;
116, 1709.8962164;
117, 1760.0000000;
118, 1811.5719365;
119, 1864.6550461;
120, 1919.2936095;
121, 1975.5332050;
122, 2033.4207465;
123, 2093.0045224;
124, 2154.3342362;
125, 2217.4610478;
126, 2282.4376162;
127, 2349.3181433;
