# Tuning file for Max/MSP coll objects. - Created using Scale Workshop 1.0.2
# 31 equal divisions of 2/1
#
0, 94.0628580;
1, 96.1897542;
2, 98.3647426;
3, 100.5889107;
4, 102.8633704;
5, 105.1892588;
6, 107.5677390;
7, 110.0000000;
8, 112.4872579;
9, 115.0307563;
10, 117.6317668;
11, 120.2915900;
12, 123.0115555;
13, 125.7930234;
14, 128.6373842;
15, 131.5460601;
16, 134.5205054;
17, 137.5622072;
18, 140.6726861;
19, 143.8534975;
20, 147.1062316;
21, 150.4325147;
22, 153.8340098;
23, 157.3124176;
24, 160.8694772;
25, 164.5069671;
26, 168.2267057;
27, 172.0305531;
28, 175.9204108;
29, 179.8982239;
30, 183.9659810;
31, 188.1257159;
32, 192.3795084;
33, 196.7294853;
34, 201.1778214;
35, 205.7267407;
36, 210.3785177;
37, 215.1354780;
38, 220.0000000;
39, 224.9745158;
40, 230.0615126;
41, 235.2635337;
42, 240.5831799;
43, 246.0231110;
44, 251.5860467;
45, 257.2747684;
46, 263.0921203;
47, 269.0410108;
48, 275.1244143;
49, 281.3453723;
50, 287.7069951;
51, 294.2124632;
52, 300.8650294;
53, 307.6680197;
54, 314.6248353;
55, 321.7389545;
56, 329.0139341;
57, 336.4534115;
58, 344.0611061;
59, 351.8408217;
60, 359.7964478;
61, 367.9319620;
62, 376.2514318;
63, 384.7590169;
64, 393.4589706;
65, 402.3556428;
66, 411.4534815;
67, 420.7570354;
68, 430.2709560;
69, 440.0000000;
70, 449.9490317;
71, 460.1230252;
72, 470.5270674;
73, 481.1663599;
74, 492.0462220;
75, 503.1720935;
76, 514.5495369;
77, 526.1842406;
78, 538.0820216;
79, 550.2488286;
80, 562.6907446;
81, 575.4139901;
82, 588.4249265;
83, 601.7300588;
84, 615.3360393;
85, 629.2496705;
86, 643.4779089;
87, 658.0278682;
88, 672.9068230;
89, 688.1222123;
90, 703.6816434;
91, 719.5928955;
92, 735.8639240;
93, 752.5028637;
94, 769.5180337;
95, 786.9179412;
96, 804.7112855;
97, 822.9069630;
98, 841.5140708;
99, 860.5419120;
100, 880.0000000;
101, 899.8980633;
102, 920.2460504;
103, 941.0541347;
104, 962.3327197;
105, 984.0924440;
106, 1006.3441870;
107, 1029.0990737;
108, 1052.3684812;
109, 1076.1640433;
110, 1100.4976573;
111, 1125.3814892;
112, 1150.8279802;
113, 1176.8498530;
114, 1203.4601177;
115, 1230.6720786;
116, 1258.4993411;
117, 1286.9558179;
118, 1316.0557365;
119, 1345.8136460;
120, 1376.2444246;
121, 1407.3632868;
122, 1439.1857911;
123, 1471.7278479;
124, 1505.0057274;
125, 1539.0360675;
126, 1573.8358824;
127, 1609.4225711;
