# Tuning file for Max/MSP coll objects. - Created using Scale Workshop 1.0.2
# Bohlen-Pierce
#
0, 1.2913377;
1, 1.4052106;
2, 1.5291259;
3, 1.6639675;
4, 1.8106996;
5, 1.9703709;
6, 2.1441223;
7, 2.3331969;
8, 2.5389431;
9, 2.7628324;
10, 3.0064648;
11, 3.2715830;
12, 3.5600781;
13, 3.8740132;
14, 4.2156318;
15, 4.5873778;
16, 4.9919024;
17, 5.4320988;
18, 5.9111126;
19, 6.4323670;
20, 6.9995906;
21, 7.6168292;
22, 8.2884972;
23, 9.0193943;
24, 9.8147490;
25, 10.6802342;
26, 11.6220397;
27, 12.6468955;
28, 13.7621333;
29, 14.9757070;
30, 16.2962963;
31, 17.7333379;
32, 19.2971009;
33, 20.9987719;
34, 22.8504876;
35, 24.8654916;
36, 27.0581828;
37, 29.4442471;
38, 32.0407026;
39, 34.8661190;
40, 37.9406866;
41, 41.2863998;
42, 44.9271211;
43, 48.8888889;
44, 53.2000138;
45, 57.8913026;
46, 62.9963155;
47, 68.5514628;
48, 74.5964747;
49, 81.1745483;
50, 88.3327414;
51, 96.1221078;
52, 104.5983570;
53, 113.8220596;
54, 123.8591992;
55, 134.7813633;
56, 146.6666667;
57, 159.6000412;
58, 173.6739077;
59, 188.9889465;
60, 205.6543884;
61, 223.7894239;
62, 243.5236448;
63, 264.9982239;
64, 288.3663234;
65, 313.7950709;
66, 341.4661787;
67, 371.5775975;
68, 404.3440897;
69, 440.0000000;
70, 478.8001233;
71, 521.0217229;
72, 566.9668392;
73, 616.9631647;
74, 671.3682712;
75, 730.5709342;
76, 794.9946714;
77, 865.0989697;
78, 941.3852121;
79, 1024.3985355;
80, 1114.7327918;
81, 1213.0322685;
82, 1319.9999993;
83, 1436.4003691;
84, 1563.0651678;
85, 1700.9005166;
86, 1850.8894933;
87, 2014.1048127;
88, 2191.7128014;
89, 2384.9840129;
90, 2595.2969077;
91, 2824.1556349;
92, 3073.1956049;
93, 3344.1983738;
94, 3639.0968037;
95, 3959.9999960;
96, 4309.2011052;
97, 4689.1955010;
98, 5102.7015474;
99, 5552.6684772;
100, 6042.3144350;
101, 6575.1384009;
102, 7154.9520350;
103, 7785.8907192;
104, 8472.4669005;
105, 9219.5868102;
106, 10032.5951163;
107, 10917.2904057;
108, 11879.9999822;
109, 12927.6033092;
110, 14067.5864959;
111, 15308.1046345;
112, 16658.0054232;
113, 18126.9432960;
114, 19725.4151929;
115, 21464.8560944;
116, 23357.6721460;
117, 25417.4006889;
118, 27658.7604167;
119, 30097.7853337;
120, 32751.8712007;
121, 35639.9999287;
122, 38782.8099083;
123, 42202.7594667;
124, 45924.3138804;
125, 49974.0162446;
126, 54380.8298609;
127, 59176.2455492;
